00000000000000000000000000010000000100000001100000101000001010000010010000111100010001000100001001000010111001110000000000000000
00000000000000000000000011111000010001000100010001000100011110000100010001000010010000100100001001000100111110000000000000000000
00000000000000000000000000111110010000100100001010000000100000001000000010000000100000000100001001000100001110000000000000000000
00000000000000000000000011111000010001000100001001000010010000100100001001000010010000100100001001000100111110000000000000000000
00000000000000000000000011111100010000100100100001001000011110000100100001001000010000000100001001000010111111000000000000000000
00000000000000000000000011111100010000100100100001001000011110000100100001001000010000000100000001000000111000000000000000000000
00000000000000000000000000111100010001000100010010000000100000001000000010001110100001000100010001000100001110000000000000000000
00000000000000000000000011100111010000100100001001000010010000100111111001000010010000100100001001000010111001110000000000000000
00000000000000000000000001111100000100000001000000010000000100000001000000010000000100000001000000010000011111000000000000000000
00000000000000000000000000111110000010000000100000001000000010000000100000001000000010000000100000001000000010001000100011110000
00000000000000000000000011101110010001000100100001010000011100000101000001001000010010000100010001000100111011100000000000000000
00000000000000000000000011100000010000000100000001000000010000000100000001000000010000000100000001000010111111100000000000000000
00000000000000000000000011101110011011000110110001101100011011000101010001010100010101000101010001010100110101100000000000000000
00000000000000000000000011000111011000100110001001010010010100100100101001001010010010100100011001000110111000100000000000000000
00000000000000000000000000111000010001001000001010000010100000101000001010000010100000101000001001000100001110000000000000000000
00000000000000000000000011111100010000100100001001000010010000100111110001000000010000000100000001000000111000000000000000000000
00000000000000000000000000111000010001001000001010000010100000101000001010000010101100101100101001001100001110000000011000000000
00000000000000000000000011111100010000100100001001000010011111000100100001001000010001000100010001000010111000110000000000000000
00000000000000000000000000111110010000100100001001000000001000000001100000000100000000100100001001000010011111000000000000000000
00000000000000000000000011111110100100100001000000010000000100000001000000010000000100000001000000010000001110000000000000000000
00000000000000000000000011100111010000100100001001000010010000100100001001000010010000100100001001000010001111000000000000000000
00000000000000000000000011100111010000100100001001000100001001000010010000101000001010000001100000010000000100000000000000000000
00000000000000000000000011010110100100101001001010010010100100101010101010101010011011000100010001000100010001000000000000000000
00000000000000000000000011100111010000100010010000100100000110000001100000011000001001000010010001000010111001110000000000000000
00000000000000000000000011101110010001000100010000101000001010000001000000010000000100000001000000010000001110000000000000000000
00000000000000000000000001111110100001000000010000001000000010000001000000100000001000000100001001000010111111000000000000000000
