01110010101101110001111111000110001
11110010010100101110010010100111110
01110100011000010000100001000101110
11110010100101101001010110101011110
11111100001000011110100001000011111
11111100001000011110100001000010000
01110100011000010111100011000101110
10001100011000111111100011000110001
01110001000010000100001000010001110
00111000110001000010110101101001110
10001100101010011000101001001010001
10000100001000010000100001000011111
10001110111111110101100011000110001
10001110011110110101101111001110001
01110100011000110001100011000101110
11110100011000111110100001000010000
01110100011000110001101011001001101
11110100011000111110100101001010001
01110100011000001110000011000101110
11111001000010000100001000010000100
10001100011000110001100011000101110
10001100011000111011010100111000100
10001100011010110101111111101111011
10001110110101000100010101101110001
10001110110101001110001000010000100
11110001100010000100010000100011110
