00111010011000110001111111000110001
11110100011000111110100011000111110
01110100011000010000100001000101110
11110100011000110001100011000111110
11111100001000011110100001000011111
11111100001000011110100001000010000
01110100011000010000100111000101110
10001100011000111111100011000110001
01110001000010000100001000010001110
01111000010000100001000011000101110
10001100101010011000101001001010001
10000100001000010000100001000011111
10001110111010110101100011000110001
10001100011100110101100111000110001
01110100011000110001100011000101110
11110100011000111110100001000010000
01110100011000110001100010111000001
11110100011000111110101001001010001
01110100011000001110000011000101110
11111001000010000100001000010000100
10001100011000110001100011000101110
10001100011000110001100010101000100
10001100011000110001101011010101010
10001100010101000100010101000110001
10001100011000101111000011000101110
11111000010001000100010001000011111
